34 8
24 -1.7778135538101196 -0.36099064350128174 2.5919251441955566 1.4485082626342773 -1.1828974485397339 0.22956806421279907 -0.363442599773407 -0.26016965508461
30 -1.434891700744629 -0.11566673219203949 1.894909143447876 1.9230451583862305 -1.178835391998291 -1.1009912490844727 0.3611370325088501 0.2512093484401703
1 -1.4128131866455078 -0.7678391337394714 1.8772199153900146 -1.663297414779663 1.0615248680114746 -1.8078856468200684 0.658892810344696 -0.20023947954177856
3 -2.811528444290161 0.9571301341056824 0.3159586787223816 -0.9076608419418335 0.36311066150665283 -0.6574324369430542 -1.0612982511520386 -1.2388797998428345
2 -2.366091012954712 0.719853401184082 1.1489211320877075 0.8028916716575623 0.8893157243728638 -1.1820632219314575 -1.4725703001022339 -0.4470335841178894
18 -1.0291370153427124 0.4420318007469177 -0.1903090476989746 -0.34240254759788513 0.35729533433914185 -0.9736142158508301 1.915149450302124 -1.7858927249908447
9 -0.6973480582237244 1.2477599382400513 1.6203827857971191 1.3359934091567993 -1.3723148107528687 0.3713114261627197 -0.1446317583322525 -1.6172640323638916
34 -1.967403531074524 -1.162251591682434 1.7076871395111084 -1.0395889282226562 1.0408077239990234 -1.3499406576156616 0.6666148900985718 -0.11117283254861832
8 -1.9307864904403687 -0.8636981248855591 0.5481696724891663 0.4357088506221771 -1.7351638078689575 -1.6228028535842896 0.10230814665555954 -0.8745060563087463
25 -0.1454448252916336 -0.9055699110031128 2.6244256496429443 -0.2389954924583435 -0.787885308265686 -0.27478569746017456 1.6982309818267822 -0.9346482157707214
28 -0.864245593547821 0.04429781064391136 2.046898126602173 -1.0267939567565918 -1.1555510759353638 1.0430412292480469 -0.03207315132021904 -2.1172401905059814
21 -1.053102731704712 0.7036619782447815 0.6283347010612488 -1.0533138513565063 0.7123357057571411 0.26228052377700806 1.453894853591919 -1.6463260650634766
23 -1.081145167350769 0.707209587097168 0.5669967532157898 -1.048079252243042 0.571305513381958 0.17540720105171204 1.463304877281189 -1.5804309844970703
32 -0.9299649596214294 1.950891375541687 2.1577377319335938 0.20168574154376984 -1.6248482465744019 0.4841092526912689 0.7980042099952698 -0.4823797047138214
22 -1.204954981803894 0.42663219571113586 -0.23423953354358673 -0.041665129363536835 0.3174980580806732 -0.792492151260376 1.8957117795944214 -1.7231913805007935
6 -0.2100699543952942 0.8909578919410706 2.4196574687957764 0.24499310553073883 -0.9580830335617065 -1.7324429750442505 0.1630520224571228 0.40874260663986206
33 -1.8310610055923462 0.43647000193595886 0.716607391834259 1.8552323579788208 0.7760469317436218 -0.2969716489315033 -0.707882285118103 -2.7113113403320312
17 -1.4932277202606201 2.49892258644104 1.8937721252441406 -0.6385411620140076 1.0849716663360596 -0.4712328612804413 0.863288938999176 0.41445210576057434
11 0.5081989169120789 1.250357985496521 2.655597448348999 0.5221821665763855 -0.8171638250350952 -0.8327469825744629 0.3104702830314636 -0.5549452304840088
20 -0.7186475396156311 1.7834120988845825 0.9958707690238953 0.5098898410797119 -1.7486940622329712 -0.3232235014438629 0.12015858292579651 -1.2144469022750854
7 -0.48202526569366455 1.3713120222091675 2.449951171875 0.16939124464988708 -1.0051296949386597 -1.769830584526062 -0.18678997457027435 0.4820709526538849
29 -0.15640278160572052 0.17300772666931152 1.8949618339538574 -1.1891899108886719 -1.0251888036727905 0.42282652854919434 -0.0026511531323194504 -2.1063995361328125
26 0.2941615879535675 -1.00374436378479 2.474013566970825 0.1575716733932495 -0.3368910253047943 -0.3333735167980194 1.5015027523040771 -1.3051729202270508
10 -0.7283768057823181 1.3341152667999268 0.29080021381378174 0.7143232226371765 0.8874941468238831 -2.8202874660491943 0.8876439332962036 -0.8236292004585266
4 -1.567640781402588 -0.13673155009746552 0.7873091101646423 -0.8486394286155701 -1.9744787216186523 -1.3948665857315063 0.8269867897033691 -0.41241729259490967
14 -1.7297252416610718 1.0200512409210205 0.5596367120742798 -0.07613188773393631 -2.201679229736328 -1.1597574949264526 0.3609342873096466 -0.43204665184020996
19 -1.0657851696014404 0.7130892872810364 0.6633778214454651 -1.1313027143478394 0.6360975503921509 0.29165583848953247 1.511610507965088 -1.6219419240951538
13 -1.168839454650879 1.3654756546020508 -0.031820930540561676 0.32952508330345154 -0.5929581522941589 -1.115599513053894 2.3565480709075928 -1.347847819328308
5 0.3458152711391449 1.3171091079711914 2.6729485988616943 0.5454806685447693 -0.6957089900970459 -0.5509417653083801 0.1440112143754959 -0.4945569336414337
15 -0.938616156578064 0.7132107019424438 0.5855156183242798 -1.04450261592865 0.5708782076835632 0.19196324050426483 1.5029327869415283 -1.7064720392227173
31 -0.6045924425125122 0.6696723699569702 1.3302181959152222 0.03286164626479149 -1.535953402519226 0.005117548629641533 -0.7320014238357544 -2.198697090148926
16 -0.9927912950515747 0.8190184235572815 0.5560712218284607 -1.1127252578735352 0.49640440940856934 0.15684732794761658 1.5483242273330688 -1.545636534690857
12 -1.1259464025497437 1.21212637424469 0.3202363848686218 0.902639627456665 1.3290436267852783 -1.2359387874603271 1.3364241123199463 -0.8717398047447205
27 -1.6296658515930176 1.7516855001449585 0.7929143309593201 -0.6042361855506897 1.6666381359100342 0.03797803074121475 0.9545247554779053 -1.1189974546432495
